Date,ViewingTime_ms
20141127,290220809043
20141128,274956304911
20141129,323506558734
20141130,364345145924
20141201,344753718372
20141202,324230792662
20141203,293317692684
20141204,255575290105
20141205,282416174641
20141206,315315444571
20141207,369121022501
20141208,366324073971
20141209,361356473146
20141210,318510818231
20141211,297324997144
20141212,296710403925
20141213,320870418537
20141214,314877564719
20141215,309040837831
20141216,295002682362
20141217,262880550494
20141218,303037600693
20141219,347047033599
20141220,330719998438
20141221,347098121103
20141222,279793976668
20141223,255956034546
20141224,234881580235
20141225,237058969807
20141226,300754073505
20141227,325267337692
20141228,354834997916
20141229,338047880954
20141230,305082530807
20141231,298424888966
20150101,275432308216
20150102,260553455447
20150103,284807681882
20150104,260995571136
20150105,270148229082
20150106,276340404803
20150107,300028395188
20150108,304446825568
20150109,289209033733
20150110,306824750730
20150111,365369780299
20150112,301942826344
20150113,271159042534
20150114,264016140413
20150115,323577868158
20150116,264034045624
20150117,290757682838
20150118,325577081171
20150119,263693020387
20150120,268114025435
20150121,324471596786
20150122,311252437821
20150123,258043864381
20150124,272750285308
20150125,352981670957
20150126,318379339186
20150127,293632958069
20150128,307500253684
20150129,308118037879
20150130,283581328984
20150131,276849409656
20150201,339970235290
20150202,340920222981
20150203,342929404554
20150204,307167451899
20150205,288134375094
20150206,282406827643
20150207,283307629805
20150208,270821974955
20150209,244397986955
20150210,269753694648
20150211,288854344603
20150212,336486892597
20150213,312960462140
20150214,297444570121
20150215,297698540660
20150216,288506027649
20150217,245820110370
20150218,258590505646
20150219,282325190020
20150220,272092877767
20150221,281002266237
20150222,264427442992
20150223,235518067539
20150224,255093294213
20150225,282038523901
20150226,282588267230
20150227,298403741161
20150228,378402872663
20150301,341969464461
20150302,323617921858
20150303,303165185162
20150304,298603472667
20150305,340383953549
20150306,350030300771
20150307,367418032248
20150308,396831404817
20150309,349619900575
20150310,287871514145
20150311,284115813480
20150312,309913624135
20150313,319732019988
20150314,308534700801
20150315,356035538315
20150316,424321920485
20150317,419152073475
20150318,457863247418
20150319,406530930472
20150320,373179035110
20150321,338839507874
20150322,346318366647
20150323,331366890237
20150324,378916101476
20150325,335673649617
20150326,291644060544
20150327,306657581925
20150328,351138667983
20150329,397657724981
20150330,312713500300
20150331,416868020099
20150401,403630205911
20150402,390993716274
20150403,336209537463
20150404,367786247393
20150405,347833808490
20150406,338352657807
20150407,289677068596
20150408,306621162191
20150409,298086054967
20150410,297566914583
20150411,360790888364
20150412,443619278792
20150413,327616230802
20150414,354620570991
20150415,464163936276
20150416,465559525809
20150417,423256023292
20150418,401357564326
20150419,408715828163
20150420,378465476312
20150421,423206495447
20150422,384277344629
20150423,341170825654
20150424,302949400585
20150425,334093273413
20150426,357285786892
20150427,333967716795
20150428,348512596248
20150429,339181316948
20150430,340020112812
20150501,330429542223
20150502,343514590524
20150503,376904740712
20150504,318039898166
20150505,315556278181
20150506,311131931108
20150507,279276745689
20150508,295079667644
20150509,400536583041
20150510,505362887486
20150511,411110604859
20150512,346983725120
20150513,334321846470
20150514,330277723417
20150515,335380629703
20150516,405328897177
20150517,398390973557
20150518,380151958208
20150519,359751576019
20150520,323075751197
20150521,297735094133
20150522,271769284916
20150523,251798657622
20150524,211331917796
20150525,90407728888
20150526,4329779841
