Time,_c1
0.0,1.0324357431179998E9
1.0,1.2628590749459996E9
2.0,1.3050723804629996E9
3.0,1.299439514568E9
4.0,1.3868333265160003E9
5.0,1.4034561043700001E9
6.0,1.3415996399089997E9
7.0,1.2586806163900003E9
8.0,1.2702666700629992E9
9.0,1.4764277942519987E9
10.0,1.8447597652339997E9
11.0,2.1905578838340006E9
12.0,2.387248774591998E9
13.0,2.3648648801189995E9
14.0,2.0060473992999997E9
15.0,1.5270294974919999E9
16.0,9.85609644814E8
17.0,5.52011545944E8
18.0,3.3670085031299996E8
19.0,2.4231035633800003E8
20.0,2.1559670686199993E8
21.0,2.3267078920600003E8
22.0,3.5350489329E8
23.0,6.684380977190003E8
