OnlineDay,DeviceNumber
1,76
2,58
3,47
4,55
5,34
6,41
7,38
8,42
9,41
10,47
11,32
12,45
13,39
14,36
15,34
16,37
17,40
18,28
19,29
20,26
21,43
22,41
23,29
24,29
25,29
26,24
27,28
28,33
29,30
30,29
31,17
32,27
33,29
34,25
35,22
36,18
37,20
38,20
39,24
40,25
41,18
42,21
43,29
44,24
45,31
46,30
47,26
48,21
49,33
50,16
51,27
52,19
53,28
54,14
55,21
56,28
57,33
58,30
59,45
60,36
61,17
62,24
63,26
64,40
65,24
66,30
67,22
68,23
69,26
70,34
71,28
72,29
73,15
74,31
75,22
76,26
77,24
78,21
79,25
80,23
81,24
82,20
83,25
84,27
85,28
86,20
87,25
88,23
89,30
90,27
91,26
92,22
93,28
94,24
95,18
96,27
97,23
98,25
99,27
100,29
101,26
102,21
103,26
104,35
105,23
106,43
107,39
108,25
109,25
110,33
111,24
112,24
113,24
114,24
115,29
116,32
117,29
118,23
119,33
120,36
121,28
122,29
123,25
124,36
125,29
126,27
127,28
128,29
129,34
130,29
131,29
132,47
133,24
134,30
135,40
136,24
137,22
138,36
139,35
140,21
141,35
142,44
143,34
144,42
145,31
146,45
147,31
148,38
149,38
150,36
151,38
152,39
153,43
154,35
155,39
156,52
157,43
158,41
159,52
160,57
161,46
162,51
163,58
164,40
165,61
166,48
167,51
168,70
169,48
170,65
171,63
172,47
173,57
174,87
175,73
176,63
177,70
178,74
179,88
180,189
181,75
